正确个数：224.0,错误个数376.0
正确率：0.37333333333333335
One型正确个数：98.0,One型错误个数: 174.0,One型正确率：0.3602941176470588
Multi型正确个数:126.0,Multi型错误个数：202.0,Multi型正确率：0.38414634146341464
总耗时未：-2913秒
3 1 2 0 
3 1 1 0 
1 2 3 1 
0 3 0 2 
2 3 2 2 
1 1 2 3 
3 0 1 0 
3 2 0 3 
3 3 2 1 
2 1 0 3 
2 0 2 0 
3 2 0 3 
0 0 1 0 
0 0 0 1 
2 0 3 3 
1 3 3 1 
2 0 1 2 
1 3 2 3 
1 3 0 2 
2 1 0 3 
3 3 3 1 
0 2 1 3 
1 3 3 2 
3 3 1 3 
1 0 1 2 
1 1 1 3 
3 3 2 3 
0 2 0 1 
0 1 0 0 
0 0 3 3 
3 0 2 3 
3 1 1 2 
2 1 3 1 
3 2 0 2 
1 1 2 0 
3 1 3 3 
2 0 1 3 
2 3 2 2 
1 3 3 0 
1 1 0 1 
3 2 0 2 
0 1 3 2 
2 1 3 2 
3 1 0 1 
3 0 3 1 
2 1 1 0 
3 3 2 0 
1 2 0 3 
2 3 1 1 
1 3 1 0 
0 3 1 3 
2 0 3 2 
2 0 2 2 
2 3 2 3 
2 3 1 1 
3 0 0 0 
0 0 3 3 
2 3 3 2 
2 0 0 1 
0 2 1 3 
3 3 3 2 
2 0 1 2 
1 1 3 2 
2 2 2 1 
3 2 3 2 
0 0 0 1 
1 3 0 3 
3 1 2 3 
2 0 2 1 
2 2 1 1 
2 1 3 2 
1 3 2 1 
3 2 3 1 
2 0 3 0 
0 0 2 0 
3 3 2 1 
3 3 3 3 
2 2 2 3 
2 3 0 3 
1 3 3 1 
3 3 2 3 
3 1 2 3 
3 0 3 2 
2 3 3 3 
0 2 1 1 
0 0 1 0 
1 3 0 1 
0 3 1 1 
1 2 3 1 
0 1 3 3 
3 1 0 2 
1 3 3 3 
1 0 1 2 
1 2 1 2 
3 3 0 0 
0 3 3 0 
0 1 2 0 
1 0 1 2 
3 1 1 3 
3 2 1 3 
3 0 3 2 
2 2 1 0 
3 3 1 3 
2 3 3 3 
0 3 2 1 
1 1 1 2 
3 1 0 2 
1 3 0 1 
2 3 0 3 
3 3 2 1 
1 0 2 2 
0 3 3 2 
1 0 0 3 
0 2 2 2 
3 0 2 3 
1 0 2 0 
3 2 3 3 
1 2 3 3 
3 3 2 3 
0 2 0 1 
1 1 1 2 
3 1 2 0 
3 3 3 1 
1 3 1 1 
1 3 1 1 
0 1 1 1 
1 0 3 2 
0 2 1 1 
1 1 0 0 
1 0 0 0 
0 2 2 1 
1 2 3 3 
2 2 3 2 
3 3 3 0 
2 1 3 0 
2 1 1 0 
1 1 2 1 
2 1 0 2 
2 0 1 0 
3 0 3 3 
3 2 2 3 
2 0 0 1 
0 1 1 2 
3 0 1 2 
0 1 1 3 
3 3 3 3 
1 2 2 1 
2 0 3 1 
2 3 1 1 
1 3 0 3 


