正确个数：222.0,错误个数378.0
正确率：0.37
One型正确个数：105.0,One型错误个数: 167.0,One型正确率：0.3860294117647059
Multi型正确个数:117.0,Multi型错误个数：211.0,Multi型正确率：0.3567073170731707
总耗时为：-28284秒
3 1 3 0 
1 1 3 0 
3 2 2 1 
2 3 3 2 
2 3 3 3 
1 1 2 3 
1 0 1 0 
1 2 0 3 
3 3 2 0 
2 0 0 3 
1 0 2 0 
0 3 2 3 
2 0 3 0 
3 0 0 1 
2 0 3 1 
1 0 3 3 
0 0 1 3 
3 3 2 3 
1 3 0 2 
3 2 0 3 
3 1 3 1 
0 2 0 3 
1 3 3 2 
3 2 3 3 
1 0 1 0 
1 3 1 3 
3 3 2 3 
3 3 2 2 
3 0 0 0 
0 2 2 2 
3 0 0 3 
1 1 1 2 
2 1 3 0 
3 2 0 2 
3 3 3 3 
3 2 2 3 
0 0 1 3 
2 1 2 0 
2 3 0 1 
1 1 2 1 
1 2 0 2 
0 1 3 0 
3 3 0 3 
3 3 0 1 
2 0 2 2 
2 3 1 0 
3 3 2 1 
0 2 0 3 
2 3 3 0 
1 1 1 0 
2 3 1 3 
0 0 3 0 
2 0 2 2 
1 3 3 2 
3 3 0 1 
1 2 0 3 
0 3 3 3 
3 3 3 2 
1 0 1 1 
1 2 1 1 
3 3 3 2 
2 1 3 2 
2 1 3 2 
0 2 1 1 
3 2 0 2 
2 2 0 3 
1 3 1 1 
3 1 1 3 
3 3 3 3 
2 3 3 2 
2 2 3 2 
1 3 3 1 
3 3 2 1 
0 0 1 1 
0 0 2 2 
2 3 3 1 
3 3 3 3 
2 2 2 3 
2 3 0 3 
0 3 3 2 
3 3 2 3 
3 1 2 3 
3 3 3 2 
2 2 3 3 
2 0 1 1 
0 2 3 0 
3 3 0 1 
0 3 3 1 
1 0 3 1 
1 1 3 3 
3 1 0 2 
2 3 2 3 
1 0 1 1 
3 3 1 2 
3 3 3 3 
0 3 3 3 
1 2 3 2 
2 0 2 0 
1 1 1 2 
2 1 2 3 
3 3 3 3 
0 2 1 2 
1 3 1 3 
2 3 3 1 
0 3 0 3 
1 2 2 2 
2 2 0 3 
3 2 1 1 
2 3 0 3 
3 2 3 3 
3 3 2 0 
3 2 3 2 
1 0 0 3 
0 0 2 1 
3 3 2 1 
1 0 2 3 
2 1 3 3 
3 2 3 3 
3 1 2 2 
1 2 3 1 
1 1 3 2 
0 1 2 0 
3 3 1 1 
1 3 1 1 
3 3 0 1 
0 1 1 0 
1 3 3 2 
2 2 1 0 
1 1 0 0 
1 0 0 0 
0 2 2 0 
1 3 3 3 
2 3 3 2 
3 3 2 0 
2 1 3 1 
2 1 1 0 
1 1 3 3 
2 1 0 0 
2 3 1 2 
3 3 0 3 
3 2 0 3 
2 3 2 1 
2 1 2 2 
3 0 1 2 
1 1 1 1 
3 3 3 2 
1 3 3 1 
2 0 3 1 
2 3 0 0 
0 3 0 1 

