正确个数：248.0,错误个数352.0
正确率：0.41333333333333333
One型正确个数：107.0,One型错误个数: 165.0,One型正确率：0.39338235294117646
Multi型正确个数:141.0,Multi型错误个数：187.0,Multi型正确率：0.4298780487804878
总耗时为：-3702秒
3 1 2 0 
1 0 1 0 
1 2 3 1 
0 3 0 2 
2 3 2 2 
1 1 2 3 
3 0 1 2 
1 3 0 3 
3 3 0 1 
2 3 0 3 
2 0 2 0 
0 2 0 0 
0 0 3 0 
1 0 0 1 
2 0 3 3 
1 3 3 1 
2 0 1 2 
3 3 2 3 
2 3 0 2 
1 1 0 3 
3 1 0 1 
0 2 0 3 
1 2 3 0 
3 3 1 3 
1 0 1 2 
1 1 1 3 
3 3 2 3 
3 2 1 1 
0 1 0 0 
0 0 3 3 
3 1 0 3 
1 1 1 2 
1 1 3 0 
3 2 0 2 
3 3 3 3 
3 3 3 3 
2 0 1 3 
2 1 2 0 
1 3 3 3 
1 1 2 3 
1 1 0 2 
2 1 3 0 
2 3 3 3 
3 1 0 1 
2 0 0 3 
2 1 1 0 
0 3 3 0 
1 1 0 3 
2 3 1 0 
0 1 3 0 
0 3 1 3 
3 0 3 2 
2 0 2 2 
1 3 1 3 
2 3 0 1 
3 0 0 3 
0 0 3 3 
2 3 3 2 
2 0 0 1 
0 2 1 3 
3 3 3 2 
0 1 1 2 
2 1 3 2 
0 2 2 1 
3 2 0 2 
3 3 1 3 
1 3 1 3 
3 1 1 3 
2 3 3 1 
2 2 3 2 
2 1 3 2 
1 3 2 1 
2 2 3 1 
0 0 3 0 
0 0 2 0 
3 3 2 1 
3 3 3 3 
2 2 2 2 
2 3 3 3 
1 3 0 3 
3 3 2 0 
1 1 2 3 
3 1 3 2 
2 3 3 3 
1 2 1 1 
0 0 1 0 
1 3 0 2 
0 3 1 1 
0 0 2 1 
0 1 3 3 
3 1 0 2 
1 3 3 3 
1 0 1 2 
3 3 1 3 
3 3 3 3 
0 3 3 3 
0 1 2 0 
2 0 1 0 
3 1 1 3 
2 0 1 3 
3 3 3 2 
2 2 1 0 
3 3 0 3 
2 3 3 1 
0 3 2 3 
1 0 0 2 
3 2 0 3 
1 0 0 1 
2 3 0 3 
3 3 3 1 
1 3 2 0 
0 3 3 2 
1 1 0 0 
0 0 2 2 
3 0 2 1 
0 0 2 3 
0 1 3 3 
0 2 3 3 
3 3 3 3 
0 2 2 1 
2 1 1 2 
3 1 2 0 
3 3 0 1 
1 3 1 1 
2 3 1 1 
0 1 1 2 
1 0 3 2 
0 2 1 1 
1 1 0 0 
1 0 0 0 
0 2 2 1 
1 3 3 3 
2 3 3 2 
3 3 3 1 
0 1 3 1 
2 1 1 0 
0 3 2 2 
1 1 1 1 
2 3 1 2 
3 0 3 2 
3 2 2 3 
2 1 2 1 
2 1 2 2 
3 0 1 2 
0 1 1 3 
3 3 3 3 
1 3 2 1 
2 0 3 1 
2 3 0 1 
3 3 2 0 

